# x y
-11039577627644076.000000 11997433521353210.000000
793135344675954.250000 13577609973864252.000000
-12104198674284230.000000 7097429840595887.000000
11748438851224614.000000 12674365972427318.000000
-7032749403709975.000000 -11318037721993148.000000
6896232309186520.000000 4693656661193347.000000
2005378211069714.000000 -16526040269419904.000000
-11373040126577936.000000 5884674268489091.000000
16228579314741598.000000 2392975305414204.000000
16237466427409830.000000 5484378888769439.000000
830025037348253.250000 279117307985894.375000
-12568215678637808.000000 1205912040845684.500000
14536876270450306.000000 3506537798925387.000000
-2346451909809072.500000 7778292169610742.000000
7763557977949835.000000 -3287394591545620.500000
17307364848845720.000000 -4124594443082538.500000
3799166839288314.000000 -13371839619412572.000000
9059109267874296.000000 15403692547986448.000000
-12734085190055868.000000 7062328353200233.000000
4861072376251608.000000 10068490801492058.000000
-433565639926746.875000 10471396009157848.000000
-2202169526864222.500000 3162085271363672.500000
-17194894528818642.000000 -4416785206609348.500000
9979086240820060.000000 -6333957645531749.000000
6359533058488639.000000 -10364096232246930.000000
-3923008121410309.500000 -1428110940561521.250000
-5929346864778046.000000 -9214775763660452.000000
-1332203003257094.500000 -8951889217277152.000000
13293935398995716.000000 -9955789308503694.000000
7736134056339049.000000 14371681077113038.000000
3324425205135375.000000 8684047059995659.000000
-8567184873776422.000000 11028867482131966.000000
-11352304187471960.000000 -12862866335215790.000000
3511746746240805.000000 11873104003213402.000000
10906550124275714.000000 -5413310764824132.000000
-14190085652073576.000000 6876284584299609.000000
13288993172081048.000000 -7701830079145846.000000
-3004665960826191.000000 -15527077363290248.000000
-12703464555707432.000000 -4056747977030596.000000
-2074832189858083.750000 10985132638706872.000000
-7868778441664000.000000 8241464382612499.000000
2121296761630588.750000 -13363780091784188.000000
11685025212490330.000000 96358614813610.265625
-14191049696876202.000000 -7148681696399228.000000
-15509571922170908.000000 -6098019219428995.000000
16611216342094982.000000 -5701805029609014.000000
-4740676776703055.000000 -9126040431922008.000000
-10915550866251888.000000 14030575292567858.000000
-2649479656894461.500000 -4758630646687462.000000
-2903194318882949.000000 -17875791272976498.000000
