# time scale_factor
0.000000 0.951000
0.020000 0.904450
0.040000 65132308103800.851562
0.060000 192075176598106.968750
0.080000 377607877979494.500000
0.100000 618605784143398.000000
0.120000 912035756550628.875000
0.140000 1254951831627406.250000
0.160000 1644491186377348.500000
0.180000 2077870369870466.000000
0.200000 2552381786926788.000000
0.220000 3065390420932605.000000
0.240000 3614330783317089.500000
0.260000 4196704077777877.000000
0.280000 4810075567877526.000000
0.300000 5452072137140104.000000
0.320000 6120380031259810.000000
0.340000 6812742772492809.000000
0.360000 7526959236740641.000000
0.380000 8260881884249693.000000
0.400000 9012415135247556.000000
0.420000 9779513882214580.000000
0.440000 10560182130848576.000000
0.460000 11352471762123452.000000
0.480000 12154481408169348.000000
0.500000 12964355435013560.000000
0.520000 13780283025518920.000000
0.540000 14600497356140114.000000
0.560000 15423274861389454.000000
0.580000 16246934580162474.000000
0.600000 17069837578321150.000000
0.620000 17890386442169030.000000
0.640000 18707024837678892.000000
0.660000 19518237130550016.000000
0.680000 20322548062379588.000000
0.700000 21118522478431324.000000
0.720000 21904765102674948.000000
0.740000 22679920355952700.000000
0.760000 23442672213304460.000000
0.780000 24191744096651380.000000
0.800000 24925898799199688.000000
0.820000 25643938438081940.000000
0.840000 26344704431902588.000000
0.860000 27027077499998992.000000
0.880000 27689977680367672.000000
0.900000 28332364363339648.000000
0.920000 28953236338217760.000000
0.940000 29551631850213664.000000
0.960000 30126628665142556.000000
0.980000 30677344139450348.000000
1.000000 31202935293260532.000000
1.020000 31702598884237204.000000
1.040000 32175571480166404.000000
1.060000 32621129528260360.000000
1.080000 33038589419288732.000000
1.100000 33427307544737360.000000
1.120000 33786680345288820.000000
1.140000 34116144349010176.000000
1.160000 34415176197721952.000000
1.180000 34683292660108464.000000
1.200000 34920050630213704.000000
1.220000 35125047110048620.000000
1.240000 35297919175115388.000000
1.260000 35438343921731840.000000
1.280000 35546038395115128.000000
1.300000 35620759497257436.000000
1.320000 35662303873698916.000000
1.340000 35670507778373300.000000
1.360000 35645246915770588.000000
1.380000 35586436259728316.000000
1.400000 35494029848228720.000000
1.420000 35368020553643180.000000
1.440000 35208439827928160.000000
1.460000 35015357422338176.000000
1.480000 34788881081281160.000000
1.500000 34529156210000412.000000
1.520000 34236365515824328.000000
1.540000 33910728622781360.000000
1.560000 33552501659432100.000000
1.580000 33161976819824068.000000
1.600000 32739481897526844.000000
1.620000 32285379792756192.000000
1.640000 31800067992645676.000000
1.660000 31283978024772768.000000
1.680000 30737574884093824.000000
1.700000 30161356433488584.000000
1.720000 29555852778159764.000000
1.740000 28921625614177204.000000
1.760000 28259267551498660.000000
1.780000 27569401411840900.000000
1.800000 26852679501814968.000000
1.820000 26109782861778712.000000
1.840000 25341420490897588.000000
1.860000 24548328548941632.000000
1.880000 23731269535381996.000000
1.900000 22891031446384980.000000
1.920000 22028426910334676.000000
1.940000 21144292302547484.000000
1.960000 20239486839872516.000000
1.980000 19314891655901712.000000
2.000000 18371408857541836.000000
2.020000 17495716265601576.000000
2.040000 16728905060779436.000000
2.060000 16065423199111052.000000
2.080000 15499931250047366.000000
2.100000 15027291938747254.000000
2.120000 14642560276071330.000000
2.140000 14340974246654126.000000
2.160000 14117946026848322.000000
2.180000 13969053705680818.000000
2.200000 13890033483239524.000000
2.220000 13876772322125288.000000
2.240000 13925301028758708.000000
2.260000 14031787742429664.000000
2.280000 14192531811021168.000000
2.300000 14403958033331480.000000
2.320000 14662611248861800.000000
2.340000 14965151256833928.000000
2.360000 15308348047055358.000000
2.380000 15689077326060566.000000
2.400000 16104316322729002.000000
2.420000 16551139858314534.000000
2.440000 17026716666519584.000000
2.460000 17528305949912056.000000
2.480000 18053254159615860.000000
2.500000 18598991985808232.000000
2.520000 19163031547130568.000000
2.540000 19742963767665760.000000
2.560000 20336455930655272.000000
2.580000 20941249398625012.000000
2.600000 21555157490061468.000000
2.620000 22176063503229936.000000
2.640000 22801918878156152.000000
2.660000 23430741488202132.000000
2.680000 24060614053057936.000000
2.700000 24689682665343808.000000
2.720000 25316155423373300.000000
2.740000 25938301162967940.000000
2.760000 26554448281538704.000000
2.780000 27162983647960072.000000
2.800000 27762351592059016.000000
2.820000 28351052967825152.000000
2.840000 28927644284719756.000000
2.860000 29490736901721120.000000
2.880000 30038996278992672.000000
2.900000 30571141282298536.000000
2.920000 31085943535519748.000000
2.940000 31582226816843200.000000
2.960000 32058866494405684.000000
2.980000 32514788997376844.000000
3.000000 32948971318658548.000000
3.020000 33360440545564124.000000
3.040000 33748273415019540.000000
3.060000 34111595890000568.000000
3.080000 34449582754085200.000000
3.100000 34761457221159668.000000
3.120000 35046490557469700.000000
3.140000 35304001713356152.000000
3.160000 35533356962156444.000000
3.180000 35733969543890412.000000
3.200000 35905299311481532.000000
3.220000 36046852377392160.000000
3.240000 36158180758674840.000000
3.260000 36238882018560816.000000
3.280000 36288598902822096.000000
3.300000 36307018969254736.000000
3.320000 36293874208738584.000000
3.340000 36248940656433144.000000
3.360000 36172037991769744.000000
3.380000 36063029125998120.000000
3.400000 35921819776139872.000000
3.420000 35748358024292888.000000
3.440000 35542633861319644.000000
3.460000 35304678714038208.000000
3.480000 35034564955118212.000000
3.500000 34732405394964796.000000
3.520000 34398352754952036.000000
3.540000 34032599121443156.000000
3.560000 33635375380108724.000000
3.580000 33206950630125284.000000
3.600000 32747631577906264.000000
3.620000 32257761910084152.000000
3.640000 31737721645528032.000000
3.660000 31187926466243656.000000
3.680000 30608827027064444.000000
3.700000 30000908244101004.000000
3.720000 29364688561974160.000000
3.740000 28700719199912008.000000
3.760000 28009583376845272.000000
3.780000 27291895515687248.000000
3.800000 26548300427034820.000000
3.820000 25779472472575576.000000
3.840000 24986114708532968.000000
3.860000 24168958009526576.000000
3.880000 23328760173268168.000000
3.900000 22466305006556128.000000
3.920000 21582401393071180.000000
3.940000 20677882343515136.000000
3.960000 19753604028671448.000000
3.980000 18810444796002168.000000
4.000000 17890540941974308.000000
4.020000 17081751016798612.000000
4.040000 16378433586910546.000000
4.060000 15775164257424778.000000
4.080000 15266724970971332.000000
4.100000 14848093906472176.000000
4.120000 14514435947645546.000000
4.140000 14261093692471318.000000
4.160000 14083578976224664.000000
4.180000 13977564881990828.000000
4.200000 13938878213814592.000000
4.220000 13963492408817154.000000
4.240000 14047520865733878.000000
4.260000 14187210668391700.000000
4.280000 14378936683657620.000000
4.300000 14619196014352548.000000
4.320000 14904602788540156.000000
4.340000 15231883267470906.000000
4.360000 15597871255289280.000000
4.380000 15999503794399708.000000
4.400000 16433817131135710.000000
4.420000 16897942937089552.000000
4.440000 17389104772137832.000000
4.460000 17904614775843926.000000
4.480000 18441870574532628.000000
4.500000 18998352391917328.000000
4.520000 19571620351717112.000000
4.540000 20159311961231836.000000
4.560000 20759139765348648.000000
4.580000 21368889160935268.000000
4.600000 21986416362034352.000000
4.620000 22609646506711124.000000
4.640000 23236571896823928.000000
4.660000 23865250362385516.000000
4.680000 24493803742563040.000000
4.700000 25120416475727408.000000
4.720000 25743334291308984.000000
4.740000 26360862996547540.000000
4.760000 26971367351540424.000000
4.780000 27573270026295100.000000
4.800000 28165050633781152.000000
4.820000 28745244833253200.000000
4.840000 29312443498380792.000000
4.860000 29865291944974356.000000
4.880000 30402489213339080.000000
4.900000 30922787400520792.000000
4.920000 31424991037930800.000000
4.940000 31907956510050248.000000
4.960000 32370591510119648.000000
4.980000 32811854528915932.000000
5.000000 33230754372908452.000000
5.020000 33626349708266960.000000
5.040000 33997748627369152.000000
5.060000 34344108234623328.000000
5.080000 34664634248583264.000000
5.100000 34958580617487984.000000
5.120000 35225249145508916.000000
5.140000 35463989127131348.000000
5.160000 35674196987236312.000000
5.180000 35855315924583220.000000
5.200000 36006835556523264.000000
5.220000 36128291562898624.000000
5.240000 36219265327203320.000000
5.260000 36279383573198448.000000
5.280000 36308317995287128.000000
5.300000 36305784881063928.000000
5.320000 36271544724558904.000000
5.340000 36205401828798600.000000
5.360000 36107203896405312.000000
5.380000 35976841607051644.000000
5.400000 35814248180680148.000000
5.420000 35619398925487736.000000
5.440000 35392310769761608.000000
5.460000 35133041776737904.000000
5.480000 34841690641736036.000000
5.500000 34518396170901080.000000
5.520000 34163336740963436.000000
5.540000 33776729739499636.000000
5.560000 33358830985250396.000000
5.580000 32909934128122268.000000
5.600000 32430370028567060.000000
5.620000 31920506116099272.000000
5.640000 31380745726775580.000000
5.660000 30811527419522292.000000
5.680000 30213324271256804.000000
5.700000 29586643150807016.000000
5.720000 28932023971689028.000000
5.740000 28250038923857832.000000
5.760000 27541291684598332.000000
5.780000 26806416608775008.000000
5.800000 26046077898707644.000000
5.820000 25260968753988076.000000
5.840000 24451810501598696.000000
5.860000 23619351706737684.000000
5.880000 22764367264798404.000000
5.900000 21887657474991368.000000
5.920000 20990047096136536.000000
5.940000 20072384385191396.000000
5.960000 19135540119116608.000000
5.980000 18180406600715468.000000
6.000000 17334875892242650.000000
6.020000 16596691338689554.000000
6.040000 15960357073069138.000000
6.060000 15420587080683454.000000
6.080000 14972294900009496.000000
6.100000 14610583903288318.000000
6.120000 14330738127574002.000000
6.140000 14128213628396756.000000
6.160000 13998630329522524.000000
6.180000 13937764343553608.000000
6.200000 13941540739314236.000000
6.220000 14006026733104994.000000
6.240000 14127425281993618.000000
6.260000 14302069058339670.000000
6.280000 14526414785729834.000000
6.300000 14797037917431596.000000
6.320000 15110627639358390.000000
6.340000 15463982180381164.000000
6.360000 15854004413622130.000000
6.380000 16277697733128116.000000
6.400000 16732162191045686.000000
6.420000 17214590881109684.000000
6.440000 17722266554913176.000000
6.460000 18252558458051328.000000
6.480000 18802919373826520.000000
6.500000 19370882862768224.000000
6.520000 19954060686760484.000000
6.540000 20550140407083640.000000
6.560000 21156883146166480.000000
6.580000 21772121503311592.000000
6.600000 22393757615101404.000000
6.620000 23019761351616724.000000
6.640000 23648168640004012.000000
6.660000 24277079907313696.000000
6.680000 24904658634900352.000000
6.700000 25529130017027172.000000
6.720000 26148779716653280.000000
6.740000 26761952711703236.000000
6.760000 27367052225424960.000000
6.780000 27962538734735560.000000
6.800000 28546929050735008.000000
6.820000 29118795465836128.000000
6.840000 29676764962216196.000000
6.860000 30219518476541596.000000
6.880000 30745790216152624.000000
6.900000 31254367022121560.000000
6.920000 31744087774813732.000000
6.940000 32213842837789180.000000
6.960000 32662573536082024.000000
6.980000 33089271665086208.000000
7.000000 33492979026460364.000000
7.020000 33872786987641360.000000
7.040000 34227836061726352.000000
7.060000 34557315504646672.000000
7.080000 34860462926714548.000000
7.100000 35136563915775304.000000
7.120000 35384951669343896.000000
7.140000 35605006633245576.000000
7.160000 35796156144416320.000000
7.180000 35957874075649844.000000
7.200000 36089680480204552.000000
7.220000 36191141234306048.000000
7.240000 36261867675698880.000000
7.260000 36301516236515376.000000
7.280000 36309788068839752.000000
7.300000 36286428661452464.000000
7.320000 36231227446343032.000000
7.340000 36144017393679608.000000
7.360000 36024674594020236.000000
7.380000 35873117826644692.000000
7.400000 35689308112976456.000000
7.420000 35473248254152496.000000
7.440000 35224982351883776.000000
7.460000 34944595311832096.000000
7.480000 34632212328809060.000000
7.500000 34287998353180668.000000
7.520000 33912157537936376.000000
7.540000 33504932665954564.000000
7.560000 33066604557067196.000000
7.580000 32597491454595136.000000
7.600000 32097948391092236.000000
7.620000 31568366533100816.000000
7.640000 31009172504783732.000000
7.660000 30420827690358932.000000
7.680000 29803827515320988.000000
7.700000 29158700706491080.000000
7.720000 28486008530991864.000000
7.740000 27786344014296984.000000
7.760000 27060331137556368.000000
7.780000 26308624014448332.000000
7.800000 25531906047857476.000000
7.820000 24730889066723804.000000
7.840000 23906312443453200.000000
7.860000 23058942192322448.000000
7.880000 22189570049353508.000000
7.900000 21299012534171648.000000
7.920000 20388109994400224.000000
7.940000 19457725633181780.000000
7.960000 18508744520450168.000000
7.980000 17624542000243204.000000
8.000000 16849648246083796.000000
8.020000 16178491486323712.000000
8.040000 15605713545590440.000000
8.060000 15126159336299060.000000
8.080000 14734866940409484.000000
8.100000 14427058251680702.000000
8.120000 14198130150096378.000000
8.140000 14043646181488292.000000
8.160000 13959328716668734.000000
8.180000 13941051565604024.000000
8.200000 13984833023321650.000000
8.220000 14086829325346498.000000
8.240000 14243328491510016.000000
8.260000 14450744537972840.000000
8.280000 14705612038248966.000000
8.300000 15004581014920554.000000
8.320000 15344412144589246.000000
8.340000 15721972259424774.000000
8.360000 16134230129446728.000000
8.380000 16578252510412796.000000
8.400000 17051200442888334.000000
8.420000 17550325788739872.000000
8.440000 18072967991930616.000000
8.460000 18616551051100972.000000
8.480000 19178580691993196.000000
8.500000 19756641728327752.000000
8.520000 20348395600261584.000000
8.540000 20951578080056376.000000
8.560000 21563997135059276.000000
8.580000 22183530938550872.000000
8.600000 22808126019446484.000000
8.620000 23435795542248088.000000
8.640000 24064617709036612.000000
8.660000 24692734275668808.000000
8.680000 25318349174700408.000000
8.700000 25939727237898628.000000
8.720000 26555193011533200.000000
8.740000 27163129657946784.000000
8.760000 27761977937203432.000000
8.780000 28350235262898840.000000
8.800000 28926454826488512.000000
8.820000 29489244784751004.000000
8.840000 30037267505253088.000000
8.860000 30569238864923040.000000
8.880000 31083927597067540.000000
8.900000 31580154682387464.000000
8.920000 32056792779758872.000000
8.940000 32512765692747700.000000
8.960000 32947047868021096.000000
8.980000 33358663922004924.000000
9.000000 33746688192316276.000000
9.020000 34110244310672364.000000
9.040000 34448504794142980.000000
9.060000 34760690651773392.000000
9.080000 35046071003758272.000000
9.100000 35303962710495328.000000
9.120000 35533730008990024.000000
9.140000 35734784154220456.000000
9.160000 35906583063204160.000000
9.180000 36048630959636776.000000
9.200000 36160478017096264.000000
9.220000 36241719998925840.000000
9.240000 36291997893024320.000000
9.260000 36310997539884208.000000
9.280000 36298449252325928.000000
9.300000 36254127425480944.000000
9.320000 36177850135677832.000000
9.340000 36069478726983016.000000
9.360000 35928917384243000.000000
9.380000 35756112691566428.000000
9.400000 35551053175273596.000000
9.420000 35313768830427032.000000
9.440000 35044330630140508.000000
9.460000 34742850016944780.000000
9.480000 34409478375567004.000000
9.500000 34044406486556808.000000
9.520000 33647863960266048.000000
9.540000 33220118650760712.000000
9.560000 32761476049313024.000000
9.580000 32272278657189012.000000
9.600000 31752905337512144.000000
9.620000 31203770646046888.000000
9.640000 30625324140807252.000000
9.660000 30018049670454888.000000
9.680000 29382464641508748.000000
9.700000 28719119264443940.000000
9.720000 28028595778811388.000000
9.740000 27311507657561892.000000
9.760000 26568498790808608.000000
9.780000 25800242649310600.000000
9.800000 25007441428007060.000000
9.820000 24190825169977104.000000
9.840000 23351150871243684.000000
9.860000 22489201566882208.000000
9.880000 21605785398934872.000000
9.900000 20701734666670580.000000
9.920000 19777904859767496.000000
9.940000 18835173675031124.000000
9.960000 17912389965264254.000000
9.980000 17100865498248434.000000
10.000000 16394953216814866.000000
10.020000 15789223380690956.000000
10.040000 15278452849786506.000000
10.060000 14857614968202410.000000
10.080000 14521870018711746.000000
10.100000 14266556218910926.000000
10.120000 14087181231614320.000000
10.140000 13979414163373070.000000
10.160000 13939078026241068.000000
10.180000 13962142639091814.000000
10.200000 14044717945912008.000000
10.220000 14183047729564404.000000
10.240000 14373503700526444.000000
10.260000 14612579941075206.000000
10.280000 14896887686305776.000000
10.300000 15223150424241780.000000
10.320000 15588199298125696.000000
10.340000 15988968794765032.000000
10.360000 16422492703560474.000000
10.380000 16885900331555680.000000
10.400000 17376412960527490.000000
10.420000 17891340532781522.000000
10.440000 18428078552933388.000000
10.460000 18984105193541404.000000
10.480000 19556978593014504.000000
10.500000 20144334334750288.000000
10.520000 20743883096964232.000000
10.540000 21353408463153480.000000
10.560000 21970764883598228.000000
10.580000 22593875778742100.000000
10.600000 23220731775710812.000000
10.620000 23849389069627224.000000
10.640000 24477967901761240.000000
10.660000 25104651146916368.000000
10.680000 25727683002801312.000000
10.700000 26345367774466344.000000
10.720000 26956068747200660.000000
10.740000 27558207141589336.000000
10.760000 28150261144717908.000000
10.780000 28730765011789172.000000
10.800000 29298308232681684.000000
10.820000 29851534758232900.000000
10.840000 30389142281272700.000000
10.860000 30909881567665704.000000
10.880000 31412555832843792.000000
10.900000 31896020159524152.000000
10.920000 32359180952513352.000000
10.940000 32800995426694980.000000
10.960000 33220471124487604.000000
10.980000 33616665459241552.000000
11.000000 33988685281217776.000000
11.020000 34335686462960224.000000
11.040000 34656873501034784.000000
11.060000 34951499131263628.000000
11.080000 35218863954733756.000000
11.100000 35458316072003076.000000
11.120000 35669250723066620.000000
11.140000 35851109930780016.000000
11.160000 36003382145566900.000000
11.180000 36125601889362272.000000
11.200000 36217349396864640.000000
11.220000 36278250252286680.000000
11.240000 36307975019907144.000000
11.260000 36306238866835872.000000
11.280000 36272801176509528.000000
11.300000 36207465151537856.000000
11.320000 36110077404619264.000000
11.340000 35980527536340440.000000
11.360000 35818747698767440.000000
11.380000 35624712143825736.000000
11.400000 35398436755553760.000000
11.420000 35139978565399112.000000
11.440000 34849435249808300.000000
11.460000 34526944609440452.000000
11.480000 34172684029412296.000000
11.500000 33786869920056404.000000
11.520000 33369757137747052.000000
11.540000 32921638385418216.000000
11.560000 32442843592466312.000000
11.580000 31933739273796176.000000
11.600000 31394727867832764.000000
11.620000 30826247053383016.000000
11.640000 30228769045292308.000000
11.660000 29602799868898108.000000
11.680000 28948878613339716.000000
11.700000 28267576663837460.000000
11.720000 27559496913107364.000000
11.740000 26825272952128368.000000
11.760000 26065568240528232.000000
11.780000 25281075256902008.000000
11.800000 24472514629422600.000000
11.820000 23640634247147300.000000
11.840000 22786208352466712.000000
11.860000 21910036615183420.000000
11.880000 21012943188747220.000000
11.900000 20095775749211436.000000
11.920000 19159404517511144.000000
11.940000 18204721265698808.000000
11.960000 17356332097021764.000000
11.980000 16615434408555086.000000
12.000000 15976526707371870.000000
12.020000 15434317630088698.000000
12.040000 14983715628252484.000000
12.060000 14619819234211212.000000
12.080000 14337907878187760.000000
12.100000 14133433228675554.000000
12.120000 14002011029604632.000000
12.140000 13939413408990568.000000
12.160000 13941561634979652.000000
12.180000 14004519296345288.000000
12.200000 14124485885575536.000000
12.220000 14297790763723116.000000
12.240000 14520887487169736.000000
12.260000 14790348477388810.000000
12.280000 15102860015677138.000000
12.300000 15455217545669100.000000
12.320000 15844321267248738.000000
12.340000 16267172006237806.000000
12.360000 16720867344963480.000000
12.380000 17202597999499894.000000
12.400000 17709644430034724.000000
12.420000 18239373671437544.000000
12.440000 18789236371702044.000000
12.460000 19356764026501304.000000
12.480000 19939566398635204.000000
12.500000 20535329111663556.000000
12.520000 21141811407508672.000000
12.540000 21756844058278284.000000
12.560000 22378327423005028.000000
12.580000 23004229640423404.000000
12.600000 23632584949310264.000000
12.620000 24261492128301272.000000
12.640000 24889113047464768.000000
12.660000 25513671324266544.000000
12.680000 26133451076895516.000000
12.700000 26746795768241480.000000
12.720000 27352107134123392.000000
12.740000 27947844189660164.000000
12.760000 28532522307956816.000000
12.780000 29104712365547564.000000
12.800000 29663039949294720.000000
12.820000 30206184619688440.000000
12.840000 30732879225728532.000000
12.860000 31241909266795660.000000
12.880000 31732112297136116.000000
12.900000 32202377368792548.000000
12.920000 32651644509012652.000000
12.940000 33078904228359576.000000
12.960000 33483197055932192.000000
12.980000 33863613098280216.000000
13.000000 34219291618769736.000000
13.020000 34549420634318276.000000
13.040000 34853236526576396.000000
13.060000 35130023664784644.000000
13.080000 35379114037680976.000000
13.100000 35599886891974848.000000
13.120000 35791768375040208.000000
13.140000 35954231179610820.000000
13.160000 36086794188388096.000000
13.180000 36189022116593944.000000
13.200000 36260525150619312.000000
13.220000 36300958581033368.000000
13.240000 36310022428328736.000000
13.260000 36287461059885000.000000
13.280000 36233062796736144.000000
13.300000 36146659508827584.000000
13.320000 36028126197545368.000000
13.340000 35877380564394024.000000
13.360000 35694382564790280.000000
13.380000 35479133946028140.000000
13.400000 35231677768556048.000000
13.420000 34952097909789672.000000
13.440000 34640518549764064.000000
13.460000 34297103638006724.000000
13.480000 33922056341088508.000000
13.500000 33515618470382472.000000
13.520000 33078069889631664.000000
13.540000 32609727901995552.000000
13.560000 32110946616311556.000000
13.580000 31582116292372656.000000
13.600000 31023662665084716.000000
13.620000 30436046247427864.000000
13.640000 29819761612204944.000000
13.660000 29175336652617112.000000
13.680000 28503331821761592.000000
13.700000 27804339351199992.000000
13.720000 27078982448797088.000000
13.740000 26327914476079792.000000
13.760000 25551818105414096.000000
13.780000 24751404457344288.000000
13.800000 23927412218483368.000000
13.820000 23080606740386888.000000
13.840000 22211779119883796.000000
13.860000 21321745261377904.000000
13.880000 20411344921671868.000000
13.900000 19481440737902328.000000
13.920000 18532917239210152.000000
13.940000 17645862911696024.000000
13.960000 16868261781672474.000000
13.980000 16194536497249414.000000
14.000000 15619323578342158.000000
14.020000 15137462892768962.000000
14.040000 14743987723369778.000000
14.060000 14434115396360666.000000
14.080000 14203238442562964.000000
14.100000 14046916264500080.000000
14.120000 13960867283641208.000000
14.140000 13940961543293780.000000
14.160000 13983213743808392.000000
14.180000 14083776687864262.000000
14.200000 14238935114653080.000000
14.220000 14445099902777018.000000
14.240000 14698802622625460.000000
14.260000 14996690419897196.000000
14.280000 15335521212792660.000000
14.300000 15712159186216772.000000
14.320000 16123570567109036.000000
14.340000 16566819665755844.000000
14.360000 17039065168642466.000000
14.380000 17537556669070734.000000
14.400000 18059631422404708.000000
14.420000 18602711313412316.000000
14.440000 19164300023747744.000000
14.460000 19741980388168600.000000
14.480000 20333411928605000.000000
14.500000 20936328555696324.000000
14.520000 21548536427886308.000000
14.540000 22167911958620040.000000
14.560000 22792399962618200.000000
14.580000 23420011932615644.000000
14.600000 24048824438344280.000000
14.620000 24676977639915184.000000
14.640000 25302673908112760.000000
14.660000 25924176544455476.000000
14.680000 26539808594204328.000000
14.700000 27147951745812044.000000
14.720000 27747045310604356.000000
14.740000 28335585276769952.000000
14.760000 28912123432008472.000000
14.780000 29475266549447196.000000
14.800000 30023675631687072.000000
14.820000 30556065208078328.000000
14.840000 31071202680555424.000000
14.860000 31567907713581184.000000
14.880000 32045051663961124.000000
14.900000 32501557046491472.000000
14.920000 32936397031598980.000000
14.940000 33348594971317360.000000
14.960000 33737223950124772.000000
14.980000 34101406357339384.000000
15.000000 34440313477936120.000000
15.020000 34753165098807412.000000
15.040000 35039229127644760.000000
15.060000 35297821221766084.000000
15.080000 35528304424356688.000000
15.100000 35730088805729420.000000
15.120000 35902631107342588.000000
15.140000 36045434386442272.000000
15.160000 36158047659319672.000000
15.180000 36240065541293712.000000
15.200000 36291127881644616.000000
15.220000 36310919391836120.000000
15.240000 36299169265471928.000000
15.260000 36255650788536592.000000
15.280000 36180180938572336.000000
15.300000 36072619971541136.000000
15.320000 35932870995216448.000000
15.340000 35760879528040696.000000
15.360000 35556633042473844.000000
15.380000 35320160491944612.000000
15.400000 35051531820599524.000000
15.420000 34750857455126124.000000
15.440000 34418287778005264.000000
15.460000 34054012581623688.000000
15.480000 33658260502751912.000000
15.500000 33231298436964236.000000
15.520000 32773430932647104.000000
15.540000 32284999564309460.000000
15.560000 31766382284974032.000000
15.580000 31217992757491828.000000
15.600000 30640279664683428.000000
15.620000 30033725998270068.000000
15.640000 29398848326615180.000000
15.660000 28736196041352576.000000
15.680000 28046350583031576.000000
15.700000 27329924645961356.000000
15.720000 26587561362487296.000000
15.740000 25819933466980764.000000
15.760000 25027742439870760.000000
15.780000 24211717632091224.000000
15.800000 23372615370361416.000000
15.820000 22511218043758976.000000
15.840000 21628333172085620.000000
15.860000 20724792456564380.000000
15.880000 19801450813444564.000000
15.900000 18859185391126396.000000
15.920000 17933557671688714.000000
15.940000 17119332675145496.000000
15.960000 16410857812464976.000000
15.980000 15802698085182944.000000
16.000000 15289625353366134.000000
16.020000 14866608205068842.000000
16.040000 14528802396995724.000000
16.060000 14271541837533388.000000
16.080000 14090330084690908.000000
16.100000 13980832332798258.000000
16.120000 13938867863055602.000000
16.140000 13960402934208546.000000
16.160000 14041544090748004.000000
16.180000 14178531867101400.000000
16.200000 14367734867297146.000000
16.220000 14605644200549572.000000
16.240000 14888868254129228.000000
16.260000 15214127785756146.000000
16.280000 15578251318583628.000000
16.300000 15978170822629532.000000
16.320000 16410917667262962.000000
16.340000 16873618830068778.000000
16.360000 17363493348092188.000000
16.380000 17877848998112788.000000
16.400000 18414079193213292.000000
16.420000 18969660083494700.000000
16.440000 19542147849348024.000000
16.460000 20129176176224640.000000
16.480000 20728453900354040.000000
16.500000 21337762815340644.000000
16.520000 21954955630031588.000000
16.540000 22577954068486196.000000
16.560000 23204747103296328.000000
16.580000 23833389313905976.000000
16.600000 24461999361959388.000000
16.620000 25088758576070624.000000
16.640000 25711909638754588.000000
16.660000 26329755368591152.000000
16.680000 26940657591010916.000000
16.700000 27543036091393868.000000
16.720000 28135367644461916.000000
16.740000 28716185114223172.000000
16.760000 29284076618990984.000000
16.780000 29837684756254548.000000
16.800000 30375705882420864.000000
16.820000 30896889442680816.000000
16.840000 31400037346475336.000000
16.860000 31884003384251776.000000
16.880000 32347692681405932.000000
16.900000 32790061185502556.000000
16.920000 33210115183056356.000000
16.940000 33606910842337644.000000
16.960000 33979553778841612.000000
16.980000 34327198640228504.000000
17.000000 34649048707703848.000000
17.020000 34944355510963732.000000
17.040000 35212418453980284.000000
17.060000 35452584449047104.000000
17.080000 35664247556643916.000000
17.100000 35846848628814172.000000
17.120000 35999874953879192.000000
17.140000 36122859900437736.000000
17.160000 36215382558720880.000000
17.180000 36277067377489080.000000
17.200000 36307583794771384.000000
17.220000 36306645860855928.000000
17.240000 36274011852046776.000000
17.260000 36209483873804384.000000
17.280000 36112907451986048.000000
17.300000 35984171110998696.000000
17.320000 35823205937769168.000000
17.340000 35629985130527252.000000
17.360000 35404523531483920.000000
17.380000 35146877142571764.000000
17.400000 34857142623496560.000000
17.420000 34535456771428404.000000
17.440000 34181995981737840.000000
17.460000 33796975689257104.000000
17.480000 33380649789619104.000000
17.500000 32933310040296872.000000
17.520000 32455285441034468.000000
17.540000 31946941593426144.000000
17.560000 31408680039464752.000000
17.580000 30840937578942236.000000
17.600000 30244185565645204.000000
17.620000 29618929182346728.000000
17.640000 28965706694651900.000000
17.660000 28285088683809112.000000
17.680000 27577677258651876.000000
17.700000 26844105246886876.000000
17.720000 26085035365993336.000000
17.740000 25301159374046232.000000
17.760000 24493197200821888.000000
17.780000 23661896059588688.000000
17.800000 22808029540028268.000000
17.820000 21932396682773572.000000
17.840000 21035821036089564.000000
17.860000 20119149695260256.000000
17.880000 19183252325281940.000000
17.900000 18229020167497280.000000
17.920000 17377773287406720.000000
17.940000 16634163133956142.000000
17.960000 15992682592302628.000000
17.980000 15448034954241282.000000
18.000000 14995123588100940.000000
18.020000 14629042189903980.000000
18.040000 14345065586472026.000000
18.060000 14138641062560764.000000
18.080000 14005380185438748.000000
18.100000 13941051101590508.000000
18.120000 13941571281426932.000000
18.140000 14003000689028872.000000
18.160000 14121535355036378.000000
18.180000 14293501331828712.000000
18.200000 14515349011122090.000000
18.220000 14783647785045574.000000
18.240000 15095081032643180.000000
18.260000 15446441414594350.000000
18.280000 15834626459747826.000000
18.300000 16256634427827606.000000
18.320000 16709560433396308.000000
18.340000 17190592816852528.000000
18.360000 17697009748896762.000000
18.380000 18226176055526724.000000
18.400000 18775540251219052.000000
18.420000 19342631768522160.000000
18.440000 19925058372825644.000000
18.460000 20520503751586756.000000
18.480000 21126725267785212.000000
18.500000 21741551867845368.000000
18.520000 22362882134710688.000000
18.540000 22988682477180656.000000
18.560000 23616985447025836.000000
18.580000 24245888175783760.000000
18.600000 24873550923507684.000000
18.620000 25498195732092796.000000
18.640000 26118105176141272.000000
18.660000 26731621204649296.000000
18.680000 27337144067106572.000000
18.700000 27933131317892948.000000
18.720000 28518096893137828.000000
18.740000 29090610254477148.000000
18.760000 29649295594400184.000000
18.780000 30192831098125108.000000
18.800000 30719948257178384.000000
18.820000 31229431230079632.000000
18.840000 31720116245750692.000000
18.860000 32190891045475900.000000
18.880000 32640694359440536.000000
18.900000 33068515414066388.000000
18.920000 33473393466547800.000000
18.940000 33854417363168804.000000
18.960000 34210725118152480.000000
18.980000 34541503509957548.000000
19.000000 34845987692095224.000000
19.020000 35123460815691240.000000
19.040000 35373253661164484.000000
19.060000 35594744276534840.000000
19.080000 35787357620009016.000000
19.100000 35950565204624520.000000
19.120000 36083884742858672.000000
19.140000 36186879789232080.000000
19.160000 36259159379054256.000000
19.180000 36300377661573480.000000
19.200000 36310233525903432.000000
19.220000 36288470218206160.000000
19.240000 36234874948714432.000000
19.260000 36149278487276552.000000
19.280000 36031554746203832.000000
19.300000 35881620349294720.000000
19.320000 35699434186000636.000000
19.340000 35484996949786656.000000
19.360000 35238350659825684.000000
19.380000 34959578165247552.000000
19.400000 34648802631244696.000000
19.420000 34306187006414096.000000
19.440000 33931933470790408.000000
19.460000 33526282864098592.000000
19.480000 33089514093825200.000000
19.500000 32621943522776384.000000
19.520000 32123924335857272.000000
19.540000 31595845885872160.000000
19.560000 31038133018207540.000000
19.580000 30451245374320756.000000
19.600000 29835676674015892.000000
19.620000 29191953976545444.000000
19.640000 28520636920631464.000000
19.660000 27822316943553208.000000
19.680000 27097616479499940.000000
19.700000 26347188137437284.000000
19.720000 25571713858783800.000000
19.740000 24771904055240808.000000
19.760000 23948496727163392.000000
19.780000 23102256562903584.000000
19.800000 22233974019598408.000000
19.820000 21344464385915292.000000
19.840000 20434566827305836.000000
19.860000 19505143414355668.000000
19.880000 18557078134853412.000000
19.900000 17667172565986026.000000
19.920000 16886864556314948.000000
19.940000 16210571177261734.000000
19.960000 15632923647446726.000000
19.980000 15148756793378970.000000
20.000000 14753099101942794.000000
20.020000 14441163334858390.000000
20.040000 14208337676720156.000000
20.060000 14050177389572178.000000
20.080000 13962396948268254.000000
20.100000 13940862632088008.000000
20.120000 13981585549244022.000000
20.140000 14080715072020724.000000
20.160000 14234532661336842.000000
20.180000 14439446060522486.000000
20.200000 14691983839051928.000000
20.220000 14988790267876420.000000
20.240000 15326620508860434.000000
20.260000 15702336101641618.000000
20.280000 16112900732011886.000000
20.300000 16555376266656332.000000
20.320000 17026919039790004.000000
20.340000 17524776377901976.000000
20.360000 18046283349453228.000000
20.380000 18588859726981352.000000
20.400000 19150007149642500.000000
20.420000 19727306474771016.000000
20.440000 20318415307560912.000000
20.460000 20921065698472596.000000
20.480000 21533061998443692.000000
20.500000 22152278862436332.000000
20.520000 22776659392285524.000000
20.540000 23404213410225468.000000
20.560000 24033015854864072.000000
20.580000 24661205291751256.000000
20.600000 25286982531044960.000000
20.620000 25908609345120976.000000
20.640000 26524407279299560.000000
20.660000 27132756549174148.000000
20.680000 27732095018326100.000000
20.700000 28320917250494936.000000
20.720000 28897773630546732.000000
20.740000 29461269548844764.000000
20.760000 30010064643876888.000000
20.780000 30542872098233928.000000
20.800000 31058457983263088.000000
20.820000 31555640647940820.000000
20.840000 32033290147720852.000000
20.860000 32490327709315900.000000
20.880000 32925725227566224.000000
20.900000 33338504790735348.000000
20.920000 33727738230752784.000000
20.940000 34092546695096564.000000
20.960000 34432100237174488.000000
20.980000 34745617422223016.000000
21.000000 35032364945896708.000000
21.020000 35291657262869524.000000
21.040000 35522856222912240.000000
21.060000 35725370712048176.000000
21.080000 35898656296522384.000000
21.100000 36042214867447880.000000
21.120000 36155594284116344.000000
21.140000 36238388014080584.000000
21.160000 36290234768231648.000000
21.180000 36310818129205336.000000
21.200000 36299866171561136.000000
21.220000 36257151072281120.000000
21.240000 36182488710237784.000000
21.260000 36075738253377720.000000
21.280000 35936801732463116.000000
21.300000 35765623600304944.000000
21.320000 35562190275510920.000000
21.340000 35326529669857608.000000
21.360000 35058710698479860.000000
21.380000 34758842772151772.000000
21.400000 34427075271012272.000000
21.420000 34063596999164464.000000
21.440000 33668635619652056.000000
21.460000 33242457069387836.000000
21.480000 32785364953678676.000000
21.500000 32297699920059056.000000
21.520000 31779839011210440.000000
21.540000 31232194996807124.000000
21.560000 30655215684190688.000000
21.580000 30049383207834560.000000
21.600000 29415213297617872.000000
21.620000 28753254525983476.000000
21.640000 28064087534109012.000000
21.660000 27348324237272060.000000
21.680000 26606607009640872.000000
21.700000 25839607848770932.000000
21.720000 25048027520134564.000000
21.740000 24232594682056288.000000
21.760000 23394064991470268.000000
21.780000 22533220190958376.000000
21.800000 21650867177567844.000000
21.820000 20747837053946448.000000
21.840000 19824984162370472.000000
21.860000 18883185102276524.000000
21.880000 17954713962382914.000000
21.900000 17137788954613560.000000
21.920000 16426751961671900.000000
21.940000 15816162730361758.000000
21.960000 15300788124234786.000000
21.980000 14875591978501434.000000
22.000000 14535725526881542.000000
22.020000 14276518371522132.000000
22.040000 14093469968489194.000000
22.060000 13982241602650864.000000
22.080000 13938648827014824.000000
22.100000 13958654342766464.000000
22.120000 14038361297379296.000000
22.140000 14174006979238510.000000
22.160000 14361956888235060.000000
22.180000 14598699162754118.000000
22.200000 14880839344400630.000000
22.220000 15205095462678438.000000
22.240000 15568293422670480.000000
22.260000 15967362679557920.000000
22.280000 16399332184567964.000000
22.300000 16861326587655496.000000
22.320000 17350562682904322.000000
22.340000 17864346083281750.000000
22.360000 18400068111996824.000000
22.380000 18955202898299784.000000
22.400000 19527304666119336.000000
22.420000 20114005204466912.000000
22.440000 20713011509044456.000000
22.460000 21322103584975672.000000
22.480000 21939132401041492.000000
22.500000 22562017986239872.000000
22.520000 23188747659908932.000000
22.540000 23817374387052156.000000
22.560000 24446015250885700.000000
22.580000 25072850034991860.000000
22.600000 25696119907810356.000000
22.620000 26314126202531000.000000
22.640000 26925229285768576.000000
22.660000 27527847508703876.000000
22.680000 28120456234664784.000000
22.700000 28701586937398632.000000
22.720000 29269826364552300.000000
22.740000 29823815761130772.000000
22.760000 30362250147948004.000000
22.780000 30883877650317184.000000
22.800000 31387498872450948.000000
22.820000 31871966313256416.000000
22.840000 32336183819415576.000000
22.860000 32779106071838924.000000
22.880000 33199738101769852.000000
22.900000 33597134832999456.000000
22.920000 33970400646826488.000000
22.940000 34318688966565604.000000
22.960000 34641201858569116.000000
22.980000 34937189646883472.000000
23.000000 35205950538811884.000000
23.020000 35446830258799380.000000
23.040000 35659221688196076.000000
23.060000 35842564508589176.000000
23.080000 35996344846524056.000000
23.100000 36120094917560264.000000
23.120000 36213392667729368.000000
23.140000 36275861410578680.000000
23.160000 36307169458097952.000000
23.180000 36307029743935640.000000
23.200000 36275199437417080.000000
23.220000 36211479546979408.000000
23.240000 36115714511737144.000000
23.260000 35987791779988408.000000
23.280000 35827641373564688.000000
23.300000 35635235437017156.000000
23.320000 35410587770719872.000000
23.340000 35153753347054772.000000
23.360000 34864827808925376.000000
23.380000 34543946949925676.000000
23.400000 34191286175567740.000000
23.420000 33807059945046340.000000
23.440000 33391521193091392.000000
23.460000 32944960731529280.000000
23.480000 32467706630242268.000000
23.500000 31960123577281308.000000
23.520000 31422612217951548.000000
23.540000 30855608472751896.000000
23.560000 30259582834110148.000000
23.580000 29635039641913412.000000
23.600000 28982516337889928.000000
23.620000 28302582698952964.000000
23.640000 27595840049670232.000000
23.660000 26862920454073356.000000
23.680000 26104485887071160.000000
23.700000 25321227385778204.000000
23.720000 24513864181115968.000000
23.740000 23683142810088292.000000
23.760000 22829836209175416.000000
23.780000 21954742789332012.000000
23.800000 21058685493113992.000000
23.820000 20142510834496832.000000
23.840000 19207087921984452.000000
23.860000 18253307465642404.000000
23.880000 17399203415998152.000000
23.900000 16652881270907522.000000
23.920000 16008828297117124.000000
23.940000 15461742444972190.000000
23.960000 15006522002827734.000000
23.980000 14638255833503630.000000
24.000000 14352214163428044.000000
24.020000 14143839896516948.000000
24.040000 14008740426170858.000000
24.060000 13942679920037044.000000
24.080000 13941572053389720.000000
24.100000 14001473168125204.000000
24.120000 14118575835456952.000000
24.140000 14289202801429412.000000
24.160000 14509801295352802.000000
24.180000 14776937682195584.000000
24.200000 15087292440860174.000000
24.220000 15437655451112708.000000
24.240000 15824921572741496.000000
24.260000 16246086501283538.000000
24.280000 16698242885385994.000000
24.300000 17178576691561678.000000
24.320000 17684363802756482.000000
24.340000 18212966837773676.000000
24.360000 18761832179196988.000000
24.380000 19328487198022796.000000
24.400000 19910537663753192.000000
24.420000 20505665329217316.000000
24.440000 21111625679879828.000000
24.460000 21726245837863688.000000
24.480000 22347422611360848.000000
24.500000 22973120680530252.000000
24.520000 23601370911388552.000000
24.540000 24230268789586420.000000
24.560000 24857972966333104.000000
24.580000 25482703909084944.000000
24.600000 26102742649950612.000000
24.620000 26716429625088096.000000
24.640000 27322163598676172.000000
24.660000 27918400665337468.000000
24.680000 28503653325171720.000000
24.700000 29076489625827188.000000
24.720000 29635532366295896.000000
24.740000 30179458357365420.000000
24.760000 30706997733896336.000000
24.780000 31216933314321168.000000
24.800000 31708100002978112.000000
24.820000 32179384231101184.000000
24.840000 32629723432488804.000000
24.860000 33058105550064808.000000
24.880000 33463568569730572.000000
24.900000 33845200078084436.000000
24.920000 34202136840755156.000000
24.940000 34533564398260316.000000
24.960000 34838716676458656.000000
24.980000 35116875608817396.000000
25.000000 35367370767862340.000000
25.020000 35589579003319692.000000
25.040000 35782924084594980.000000
25.060000 35946876345365864.000000
25.080000 36080952328192568.000000
25.100000 36184714427172200.000000
25.120000 36257770526781728.000000
25.140000 36299773635168696.000000
25.160000 36310421510259496.000000
25.180000 36289456277162088.000000
25.200000 36236664035443472.000000
25.220000 36151874454962568.000000
25.240000 36034960359036192.000000
25.260000 35885837293809804.000000
25.280000 35704463082795676.000000
25.300000 35490837365629520.000000
25.320000 35245001120181964.000000
25.340000 34967036167244240.000000
25.360000 34657064657087788.000000
25.380000 34315248537275336.000000
25.400000 33941789001176648.000000
25.420000 33536925916715268.000000
25.440000 33100937234943728.000000
25.460000 32634138378113476.000000
25.480000 32136881606972532.000000
25.500000 31609555367088664.000000
25.520000 31052583614058552.000000
25.540000 30466425117524188.000000
25.560000 29851572743976612.000000
25.580000 29208552718384160.000000
25.600000 28537923864737468.000000
25.620000 27840276825656972.000000
25.640000 27116233261260212.000000
25.660000 26366445027536108.000000
25.680000 25591593334521692.000000
25.700000 24792387884623120.000000
25.720000 23969565991467768.000000
25.740000 23123891679717404.000000
25.760000 22256154766313948.000000
25.780000 21367169923669476.000000
25.800000 20457775725350368.000000
25.820000 19528833674842492.000000
25.840000 18581227218019528.000000
25.860000 17688470974266792.000000
25.880000 16905456581651948.000000
25.900000 16226595538462002.000000
25.920000 15646513765439818.000000
25.940000 15160041051073104.000000
25.960000 14762201089455184.000000
25.980000 14448202080857682.000000
26.000000 14213427866583702.000000
26.020000 14053429571027296.000000
26.040000 13963917725154816.000000
26.060000 13940754846849384.000000
26.080000 13979948454724698.000000
26.100000 14077644493121502.000000
26.120000 14230121147052588.000000
26.140000 14433783026862656.000000
26.160000 14685155703320592.000000
26.180000 14980880574766204.000000
26.200000 15317710048793496.000000
26.220000 15692503021770616.000000
26.240000 16102220640274658.000000
26.260000 16543922329259684.000000
26.280000 17014762072480646.000000
26.300000 17511984931366060.000000
26.320000 18032923789170196.000000
26.340000 18574996307842748.000000
26.360000 19135702085632160.000000
26.380000 19712620003989408.000000
26.400000 20303405752863464.000000
26.420000 20905789523979408.000000
26.440000 21517573862166396.000000
26.460000 22136631665256484.000000
26.480000 22760904323508320.000000
26.500000 23388399989922304.000000
26.520000 24017191973207732.000000
26.540000 24645417245538256.000000
26.560000 25271275057590632.000000
26.580000 25893025653704432.000000
26.600000 26508989080327596.000000
26.620000 27117544081225348.000000
26.640000 27717127073229040.000000
26.660000 28306231196587312.000000
26.680000 28883405434255416.000000
26.700000 29447253794720364.000000
26.720000 29996434553210136.000000
26.740000 30529659546375264.000000
26.760000 31045693515761152.000000
26.780000 31543353495610060.000000
26.800000 32021508240743200.000000
26.820000 32479077690476448.000000
26.840000 32915032464718028.000000
26.860000 33328393388583756.000000
26.880000 33718231042045324.000000
26.900000 34083665331300048.000000
26.920000 34423865078716916.000000
26.940000 34738047628373836.000000
26.960000 35025478464355216.000000
26.980000 35285470839127428.000000
27.000000 35517385409452944.000000
27.020000 35720629877441816.000000
27.040000 35894658634472416.000000
27.060000 36038972405841752.000000
27.080000 36153117894129800.000000
27.100000 36236687419382032.000000
27.120000 36289318554330288.000000
27.140000 36310693752983856.000000
27.160000 36300539971031088.000000
27.180000 36258628276596616.000000
27.200000 36184773450000400.000000
27.220000 36078833571263296.000000
27.240000 35940709594198584.000000
27.260000 35770344906021148.000000
27.280000 35567724871495092.000000
27.300000 35332876360727072.000000
27.320000 35065867259796380.000000
27.340000 34766805963494044.000000
27.360000 34435840849521956.000000
27.380000 34073159733579400.000000
27.400000 33678989304838368.000000
27.420000 33253594541380848.000000
27.440000 32797278105240880.000000
27.460000 32310379716761656.000000
27.480000 31793275508043352.000000
27.500000 31246377355320808.000000
27.520000 30670132190171556.000000
27.540000 30065021289514308.000000
27.560000 29431559544415620.000000
27.580000 28770294707778180.000000
27.600000 28081806621038348.000000
27.620000 27366706420052592.000000
27.640000 26625635720403144.000000
27.660000 25859265782401832.000000
27.680000 25068296656118236.000000
27.700000 24253456306803632.000000
27.720000 23415499721126072.000000
27.740000 22555207994674052.000000
27.760000 21673387401226684.000000
27.780000 20770868444327448.000000
27.800000 19848504891735780.000000
27.820000 18907172793366676.000000
27.840000 17975858824033898.000000
27.860000 17156234325050660.000000
27.880000 16442635654457268.000000
27.900000 15829617307788572.000000
27.920000 15311941155412282.000000
27.940000 14884566282900766.000000
27.960000 14542639404075524.000000
27.980000 14281485817816924.000000
28.000000 14096600881112688.000000
28.020000 13983641972130908.000000
28.040000 13938420918350392.000000
28.060000 13956896865966250.000000
28.080000 14035169567915128.000000
28.100000 14169473068935130.000000
28.120000 14356169767093282.000000
28.140000 14591744832181074.000000
28.160000 14872800962298580.000000
28.180000 15196053460822588.000000
28.200000 15558325616786134.000000
28.220000 15956544372488236.000000
28.240000 16387736262905426.000000
28.260000 16849023612192906.000000
28.280000 17337620973244730.000000
28.300000 17850831796931020.000000
28.320000 18386045318247704.000000
28.340000 18940733647202096.000000
28.360000 19512449052817448.000000
28.380000 20098821429172736.000000
28.400000 20697555932901968.000000
28.420000 21306430782061252.000000
28.440000 21923295206733288.000000
28.460000 22546067542178660.000000
28.480000 23172733455762920.000000
28.500000 23801344299288428.000000
28.520000 24430015578741812.000000
28.540000 25056925533832260.000000
28.560000 25680313820043888.000000
28.580000 26298480286257736.000000
28.600000 26909783841316480.000000
28.620000 27512641403208500.000000
28.640000 28105526924838172.000000
28.660000 28686970490626832.000000
28.680000 29255557478454488.000000
28.700000 29809927781706840.000000
28.720000 30348775086435476.000000
28.740000 30870846198872768.000000
28.760000 31374940418766524.000000
28.780000 31859908954214080.000000
28.800000 32324654373881368.000000
28.820000 32768130092690016.000000
28.840000 33189339887245452.000000
28.860000 33587337437461152.000000
28.880000 33961225891009524.000000
28.900000 34310157447398512.000000
28.920000 34633332958635144.000000
28.940000 34930001543593432.000000
28.960000 35199460213354408.000000
28.980000 35441053504930996.000000
29.000000 35654173120930164.000000
29.020000 35838257572839544.000000
29.040000 35992791825755664.000000
29.060000 36117306942496632.000000
29.080000 36211379725163184.000000
29.100000 36274632352329240.000000
29.120000 36306732010156400.000000
29.140000 36307390515836168.000000
29.160000 36276363931869728.000000
29.180000 36213452169797560.000000
29.200000 36118498582090432.000000
29.220000 35991389541009312.000000
29.240000 35832054003334872.000000
29.260000 35640463059957404.000000
29.280000 35416629469405268.000000
29.300000 35160607174474756.000000
29.320000 34872490801206244.000000
29.340000 34552415139531180.000000
29.360000 34200554604991500.000000
29.380000 33817122681008004.000000
29.400000 33402371341246612.000000
29.420000 32956590451701932.000000
29.440000 32480107152185608.000000
29.460000 31973285216973160.000000
29.480000 31436524394426992.000000
29.500000 30870259725475488.000000
29.520000 30274960840888148.000000
29.540000 29651131237345076.000000
29.560000 28999307532355556.000000
29.580000 28320058698135032.000000
29.600000 27613985274602660.000000
29.620000 26881718561712652.000000
29.640000 26123919791382060.000000
29.660000 25341279279325148.000000
29.680000 24534515557150724.000000
29.700000 23704374485122876.000000
29.720000 22851628346028440.000000
29.740000 21977074920635584.000000
29.760000 21081536545267320.000000
29.780000 20165859152051756.000000
29.800000 19230911292447212.000000
29.820000 18277583144675136.000000
29.840000 17420622469155704.000000
29.860000 16671588807495138.000000
29.880000 16024963811538698.000000
29.900000 15475440093556760.000000
29.920000 15017910865178004.000000
29.940000 14647460159145970.000000
29.960000 14359353604506096.000000
29.980000 14149029727235456.000000
30.000000 14012091749662634.000000
30.020000 13944299863293952.000000
30.040000 13941563950868086.000000
30.060000 13999936734607158.000000
30.080000 14115607328721638.000000
30.100000 14284895175261910.000000
30.120000 14504244343393710.000000
30.140000 14770218173110564.000000
30.160000 15079494245286336.000000
30.180000 15428859660817246.000000
30.200000 15815206612407744.000000
30.220000 16235528233320216.000000
30.240000 16686914708137032.000000
30.260000 17166549631276494.000000
30.280000 17671706599663922.000000
30.300000 18199746026586968.000000
30.320000 18748112164361940.000000
30.340000 19314330324007144.000000
30.360000 19896004280661196.000000
30.380000 20490813854000808.000000
30.400000 21096512653404328.000000
30.420000 21710925978076456.000000
30.440000 22331948862796416.000000
30.460000 22957544260378196.000000
30.480000 23585741352337980.000000
30.500000 24214633979651892.000000
30.520000 24842379185857296.000000
30.540000 25467195865104432.000000
30.560000 26087363508102664.000000
30.580000 26701221039228188.000000
30.600000 27307165738368112.000000
30.620000 27903652241370612.000000
30.640000 28489191613252640.000000
30.660000 29062350488586268.000000
30.680000 29621750273742916.000000
30.700000 30166066405921852.000000
30.720000 30694027664126096.000000
30.740000 31204415527475876.000000
30.760000 31696063576467364.000000
30.780000 32167856932993112.000000
30.800000 32618731735141056.000000
30.820000 33047674642981284.000000
30.840000 33453722371734588.000000
30.860000 33835961248894412.000000
30.880000 34193526792044680.000000
30.900000 34525603304280280.000000
30.920000 34831423484295104.000000
30.940000 35110268048354964.000000
30.960000 35361465361519336.000000
30.980000 35584391075617408.000000
31.000000 35778467771620320.000000
31.020000 35943164604183052.000000
31.040000 36077996946256464.000000
31.060000 36182526031792744.000000
31.080000 36256358594685888.000000
31.100000 36299146502203584.000000
31.120000 36310586381277344.000000
31.140000 36290419236125184.000000
31.160000 36238430055784488.000000
31.180000 36154447410233216.000000
31.200000 36038343033874664.000000
31.220000 35890031395255036.000000
31.240000 35709469251974320.000000
31.260000 35496655189839080.000000
31.280000 35251629145391584.000000
31.300000 34974471911032396.000000
31.320000 34665304622034196.000000
31.340000 34324288224822376.000000
31.360000 33951622925973728.000000
31.380000 33547547621457700.000000
31.400000 33112339305715880.000000
31.420000 32646312460244228.000000
31.440000 32149818421409420.000000
31.460000 31623244727295436.000000
31.480000 31067014443439280.000000
31.500000 30481585467375552.000000
31.520000 29867449811968516.000000
31.540000 29225132867567380.000000
31.560000 28555192643075652.000000
31.580000 27858218986078980.000000
31.600000 27134832782227448.000000
31.620000 26385685134118348.000000
31.640000 25611456519973556.000000
31.660000 24812855932452296.000000
31.680000 23990619997984912.000000
31.700000 23145512077056556.000000
31.720000 22278321345911308.000000
31.740000 21389861860187300.000000
31.760000 20480971601031908.000000
31.780000 19552511504282840.000000
31.800000 18605364473336476.000000
31.820000 17709758122980888.000000
31.840000 16924037845848782.000000
31.860000 16242609570649968.000000
31.880000 15660093923670688.000000
31.900000 15171315658668412.000000
31.920000 14771293680113108.000000
31.940000 14455231629878050.000000
31.960000 14218509008913454.000000
31.980000 14056672806795270.000000
32.000000 13965429613332848.000000
32.020000 13940638187646522.000000
32.040000 13978302461292510.000000
32.060000 14074564953121166.000000
32.080000 14225700574608464.000000
32.100000 14428110805402326.000000
32.120000 14678318219777902.000000
32.140000 14972961345601458.000000
32.160000 15308789838263784.000000
32.180000 15682659952863000.000000
32.200000 16091530298695750.000000
32.220000 16532457860856880.000000
32.240000 17002594274452874.000000
32.260000 17499182337605352.000000
32.280000 18019552750059612.000000
32.300000 18561121064821232.000000
32.320000 19121384840822580.000000
32.340000 19697920985172428.000000
32.360000 20288383274066956.000000
32.380000 20890500041940780.000000
32.400000 21502072028913360.000000
32.420000 22120970377040684.000000
32.440000 22745134766315444.000000
32.460000 23372571681772144.000000
32.480000 24001352803447908.000000
32.500000 24629613511326024.000000
32.520000 25255551497748320.000000
32.540000 25877425480125604.000000
32.560000 26493554007102856.000000
32.580000 27102314351649096.000000
32.600000 27702141484840976.000000
32.620000 28291527124395432.000000
32.640000 28869018852280548.000000
32.660000 29433219295995684.000000
32.680000 29982785368363008.000000
32.700000 30516427560912740.000000
32.720000 31032909286174796.000000
32.740000 31531046264410252.000000
32.760000 32009705950527892.000000
32.780000 32467806997134272.000000
32.800000 32904318749860816.000000
32.820000 33318260771298936.000000
32.840000 33708702390054128.000000
32.860000 34074762271603212.000000
32.880000 34415608007805440.000000
32.900000 34730455722078376.000000
32.920000 35018569687403820.000000
32.940000 35279261954477720.000000
32.960000 35511891987461204.000000
32.980000 35715866304928092.000000
33.000000 35890638123737364.000000
33.020000 36035707003687856.000000
33.040000 36150618490936360.000000
33.060000 36234963758280552.000000
33.080000 36288379240523752.000000
33.100000 36310546263250848.000000
33.120000 36301190663452896.000000
33.140000 36260082400542784.000000
33.160000 36187035156405856.000000
33.180000 36081905923227568.000000
33.200000 35944594577935340.000000
33.220000 35775043442184000.000000
33.240000 35573236826903364.000000
33.260000 35339200560513064.000000
33.280000 35073001499993624.000000
33.300000 34774747024084000.000000
33.320000 34444584507954612.000000
33.340000 34082700778781372.000000
33.360000 33689321551720244.000000
33.380000 33264710845853752.000000
33.400000 32809170379750440.000000
33.420000 32323038946345960.000000
33.440000 31806691766919788.000000
33.460000 31260539824005116.000000
33.480000 30685029173130944.000000
33.500000 30080640233354916.000000
33.520000 29447887056603240.000000
33.540000 28787316575889788.000000
33.560000 28099507832540532.000000
33.580000 27385071182601816.000000
33.600000 26644647482661424.000000
33.620000 25878907255360252.000000
33.640000 25088549834919504.000000
33.660000 24274302493053832.000000
33.680000 23436919545684604.000000
33.700000 22577181440909712.000000
33.720000 21695893828726932.000000
33.740000 20793886613046796.000000
33.760000 19872012986568416.000000
33.780000 18931148449127528.000000
33.800000 17996992243181930.000000
33.820000 17174668774715416.000000
33.840000 16458508880710338.000000
33.860000 15843061808898894.000000
33.880000 15323084439799178.000000
33.900000 14893531112554258.000000
33.920000 14549544024176650.000000
33.940000 14286444173255736.000000
33.960000 14099722820568396.000000
33.980000 13985033440346976.000000
34.000000 13938184137207370.000000
34.020000 13955130504926612.000000
34.040000 14031968904387180.000000
34.060000 14164930139077300.000000
34.080000 14350373507555586.000000
34.100000 14584781213257196.000000
34.120000 14864753112939886.000000
34.140000 15187001785944256.000000
34.160000 15548347907275568.000000
34.180000 15945715908306850.000000
34.200000 16376129909656706.000000
34.220000 16836709911512444.000000
34.240000 17324668227351432.000000
34.260000 17837306147663090.000000
34.280000 18372010820892104.000000
34.300000 18926252339412000.000000
34.320000 19497581018898664.000000
34.340000 20083624860007304.000000
34.360000 20682087181764764.000000
34.380000 21290744416573848.000000
34.400000 21907444057188080.000000
34.420000 22530102746455756.000000
34.440000 23156704501052076.000000
34.460000 23785299060818688.000000
34.480000 24414000355712260.000000
34.500000 25040985082728508.000000
34.520000 25664491385516496.000000
34.540000 26282817629730720.000000
34.560000 26894321267486372.000000
34.580000 27497417784587136.000000
34.600000 28090579724485284.000000
34.620000 28672335783211824.000000
34.640000 29241269969780380.000000
34.660000 29796020826823120.000000
34.680000 30335280706460808.000000
34.700000 30857795096642716.000000
34.720000 31362361993416128.000000
34.740000 31847831314799864.000000
34.760000 32313104352142348.000000
34.780000 32757133255042568.000000
34.800000 33178920546102128.000000
34.820000 33577518661959244.000000
34.840000 33952029517230880.000000
34.860000 34301604088157944.000000
34.880000 34625442012910868.000000
34.900000 34922791205669204.000000
34.920000 35192947481739280.000000
34.940000 35435254191119148.000000
34.960000 35649101858059852.000000
34.980000 35833927824306856.000000
35.000000 35989215893835700.000000
35.020000 36114495977021536.000000
35.040000 36209343732303648.000000
35.060000 36273380203523088.000000
35.080000 36306271451225152.000000
35.100000 36307728176327832.000000
35.120000 36277505334663432.000000
35.140000 36215401741003152.000000
35.160000 36121259661273712.000000
35.180000 35994964391771252.000000
35.200000 35836443824270864.000000
35.220000 35645667996020356.000000
35.240000 35422648623694268.000000
35.260000 35167438620468904.000000
35.280000 34880131595461268.000000
35.300000 34560861334854464.000000
35.320000 34209801264109280.000000
35.340000 33827163890736636.000000
35.360000 33413200227178072.000000
35.380000 32968199193411908.000000
35.400000 32492486998970932.000000
35.420000 31986426504123652.000000
35.440000 31450416560035280.000000
35.460000 30884891327786760.000000
35.480000 30290319576190340.000000
35.500000 29667203958398624.000000
35.520000 29016080267360360.000000
35.540000 28337516670230992.000000
35.560000 27632112921898836.000000
35.580000 26900499557838856.000000
35.600000 26143337066555404.000000
35.620000 25361315041923048.000000
35.640000 24555151315780540.000000
35.660000 23725591071177428.000000
35.680000 22873405936715560.000000
35.700000 21999393062468772.000000
35.720000 21104374178003728.000000
35.740000 20189194633062676.000000
35.760000 19254722421505460.000000
35.780000 18301847189142796.000000
35.800000 17442030433245072.000000
35.820000 16690285731810700.000000
35.840000 16041089125296282.000000
35.860000 15489127891275748.000000
35.880000 15029290167902158.000000
35.900000 14656655160971974.000000
35.920000 14366483905161560.000000
35.940000 14154210551412692.000000
35.960000 14015434153780780.000000
35.980000 13945910930330040.000000
36.000000 13941546973867176.000000
36.020000 13998391389452738.000000
36.040000 14112629836720026.000000
36.060000 14280578456068216.000000
36.080000 14498678158782076.000000
36.100000 14763489262067808.000000
36.120000 15071686450885592.000000
36.140000 15420054049306904.000000
36.160000 15805481584930602.000000
36.180000 16224959630658480.000000
36.200000 16675575908860352.000000
36.220000 17154511643652784.000000
36.240000 17659038147676012.000000
36.260000 18186513630382292.000000
36.280000 18734380215447380.000000
36.300000 19300161155486752.000000
36.320000 19881458232800880.000000
36.340000 20475949335390940.000000
36.360000 21081386197978904.000000
36.380000 21695592298235520.000000
36.400000 22316460898867204.000000
36.420000 22941953226639656.000000
36.440000 23570096779823116.000000
36.460000 24198983755932524.000000
36.480000 24826769592006480.000000
36.500000 25451671610022888.000000
36.520000 26071967760387008.000000
36.540000 26685995456750588.000000
36.560000 27292150495729272.000000
36.580000 27888886055380492.000000
36.600000 28474711766586184.000000
36.620000 29048192851754640.000000
36.640000 29607949325514236.000000
36.660000 30152655252319060.000000
36.680000 30681038056123772.000000
36.700000 31191877877511960.000000
36.720000 31684006973880252.000000
36.740000 32156309158489400.000000
36.760000 32607719274394056.000000
36.780000 33037222699455620.000000
36.800000 33443854878827460.000000
36.820000 33826700881479720.000000
36.840000 34184894977501788.000000
36.860000 34517620233085076.000000
36.880000 34824108120247064.000000
36.900000 35103638138510000.000000
36.920000 35355537445894564.000000
36.940000 35579180496730364.000000
36.960000 35773988683921704.000000
36.980000 35939429983438780.000000
37.000000 36075018598931600.000000
37.020000 36180314604486704.000000
37.040000 36254923583665472.000000
37.060000 36298496263077328.000000
37.080000 36310728138852016.000000
37.100000 36291359094482464.000000
37.120000 36240173008613320.000000
37.140000 36156997351450704.000000
37.160000 36041702768566016.000000
37.180000 35894202650960680.000000
37.200000 35714452690349900.000000
37.220000 35502450418712016.000000
37.240000 35258234731235496.000000
37.260000 34981885391878820.000000
37.280000 34673522520838788.000000
37.300000 34333306063301016.000000
37.320000 33961435238921884.000000
37.340000 33558147971564672.000000
37.360000 33123720298883700.000000
37.380000 32658465761419256.000000
37.400000 32162734770933036.000000
37.420000 31636913957778544.000000
37.440000 31081425497163800.000000
37.460000 30496726414224540.000000
37.480000 29883307867885072.000000
37.500000 29241694413541036.000000
37.520000 28572443244653612.000000
37.540000 27876143413398180.000000
37.560000 27153415030562156.000000
37.580000 26404908444936744.000000
37.600000 25631303402495504.000000
37.620000 24833308185699428.000000
37.640000 24011658733312928.000000
37.660000 23167117741158624.000000
37.680000 22300473744280396.000000
37.700000 21412540181024260.000000
37.720000 20504154439585156.000000
37.740000 19576176887604616.000000
37.760000 18629489885439716.000000
37.780000 17731033998578002.000000
37.800000 16942608337077568.000000
37.820000 16258613263631918.000000
37.840000 15673664113494908.000000
37.860000 15182580608988060.000000
37.880000 14780376868128696.000000
37.900000 14462251977444854.000000
37.920000 14223581100475036.000000
37.940000 14059907094811638.000000
37.960000 13966932611839978.000000
37.980000 13940512654553700.000000
38.000000 13976647569995228.000000
38.020000 14071476453980004.000000
38.040000 14221270946818382.000000
38.060000 14422429399752144.000000
38.080000 14671471392776244.000000
38.100000 14965032585423156.000000
38.120000 15299859882949454.000000
38.140000 15672806901184368.000000
38.160000 16080829714080086.000000
38.180000 16520982868745614.000000
38.200000 16990415653452092.000000
38.220000 17486368604769328.000000
38.240000 18006170240632794.000000
38.260000 18547234006749080.000000
38.280000 19107055424327392.000000
38.300000 19683209427676712.000000
38.320000 20273347880733932.000000
38.340000 20875197262089212.000000
38.360000 21486556508552256.000000
38.380000 22105295007758108.000000
38.400000 22729350730744992.000000
38.420000 23356728495850484.000000
38.440000 23985498355667012.000000
38.460000 24613794099174412.000000
38.480000 25239811861526856.000000
38.500000 25861808834314772.000000
38.520000 26478102069450528.000000
38.540000 27087067370139880.000000
38.560000 27687138262700984.000000
38.580000 28276805043279184.000000
38.600000 28854613893779916.000000
38.620000 29419166061604388.000000
38.640000 29969117098023896.000000
38.660000 30503176150269188.000000
38.680000 31020105302641832.000000
38.700000 31518718962175572.000000
38.720000 31997883284587688.000000
38.740000 32456515636463744.000000
38.760000 32893584089814432.000000
38.780000 33308106945330848.000000
38.800000 33699152280844700.000000
38.820000 34065837521673336.000000
38.840000 34407329029696144.000000
38.860000 34722841708169308.000000
38.880000 35011638619440352.000000
38.900000 35273030612872704.000000
38.920000 35506375960433900.000000
38.940000 35711079997539288.000000
38.960000 35886594766876528.000000
38.980000 36032418663064816.000000
39.000000 36148096076127064.000000
39.020000 36233217031873368.000000
39.040000 36287416827409960.000000
39.060000 36310375660100208.000000
39.080000 36301818248412360.000000
39.100000 36261513443194008.000000
39.120000 36189273828014472.000000
39.140000 36084955307314832.000000
39.160000 35948456681200392.000000
39.180000 35779719205802644.000000
39.200000 35578726138227088.000000
39.220000 35345502265189896.000000
39.240000 35080113414530280.000000
39.260000 34782665948866760.000000
39.280000 34453306240744472.000000
39.300000 34092220128697032.000000
39.320000 33699632353720704.000000
39.340000 33275805975730476.000000
39.360000 32821041769637348.000000
39.380000 32335677600753772.000000
39.400000 31820087779299668.000000
39.420000 31274682393844984.000000
39.440000 30699906623586232.000000
39.460000 30096240029414192.000000
39.480000 29464195823787512.000000
39.500000 28804320119483084.000000
39.520000 28117191157347908.000000
39.540000 27403418513229688.000000
39.560000 26663642284313824.000000
39.580000 25898532255143452.000000
39.600000 25108787043646252.000000
39.620000 24295133227537304.000000
39.640000 23458324451511120.000000
39.660000 22599140515678220.000000
39.680000 21718386445742188.000000
39.700000 20816891545452336.000000
39.720000 19895508431904360.000000
39.740000 18955112054297440.000000
39.760000 18018114206374600.000000
39.780000 17193092291873442.000000
39.800000 16474371630327064.000000
39.820000 15856496225134678.000000
39.840000 15334217970302262.000000
39.860000 14902486461755392.000000
39.880000 14556439382789824.000000
39.900000 14291393434682370.000000
39.920000 14102835784869092.000000
39.940000 13986416006413360.000000
39.960000 13937938483736512.000000
39.980000 13953355260771958.000000
40.000000 14028759308832860.000000
40.020000 14160378192556846.000000
40.040000 14344568113311598.000000
40.060000 14577808310415192.000000
40.080000 14856695801447420.000000
40.100000 15177940443805294.000000
40.120000 15538360300490104.000000
40.140000 15934877293906628.000000
40.160000 16364513132209838.000000
40.180000 16824385493452402.000000
40.200000 17311704453469500.000000
40.220000 17823769144087712.000000
40.240000 18357964628863696.000000
40.260000 18911758984147576.000000
40.280000 19482700573827236.000000
40.300000 20068415506643996.000000
40.320000 20666605265479500.000000
40.340000 21275044498498636.000000
40.360000 21891578962495932.000000
40.380000 22514123609233560.000000
40.400000 23140660805979636.000000
40.420000 23769238681856532.000000
40.440000 24397969591991532.000000
40.460000 25025028691827504.000000
40.480000 25648652614299960.000000
40.500000 26267138242920012.000000
40.520000 26878841574120952.000000
40.540000 27482176662530380.000000
40.560000 28075614643120760.000000
40.580000 28657682824469328.000000
40.600000 29226963847624668.000000
40.620000 29782094905332064.000000
40.640000 30321767016613828.000000
40.660000 30844724351934688.000000
40.680000 31349763604406540.000000
40.700000 31835733402701764.000000
40.720000 32301533761550680.000000
40.740000 32746115565896612.000000
40.760000 33168480084972292.000000
40.780000 33567678512743860.000000
40.800000 33942811531344500.000000
40.820000 34293028894288524.000000
40.840000 34617529026419252.000000
40.860000 34915558637700500.000000
40.880000 35186412348112140.000000
40.900000 35429432321055360.000000
40.920000 35644007902813228.000000
40.940000 35829575265747200.000000
40.960000 35985617053040404.000000
40.980000 36111662022924288.000000
41.000000 36207284690446784.000000
41.020000 36272104964957296.000000
41.040000 36305787781597392.000000
41.060000 36308042725195704.000000
41.080000 36278623645071640.000000
41.100000 36217328259355184.000000
41.120000 36123997747529416.000000
41.140000 35998516329998664.000000
41.160000 35840810833578328.000000
41.180000 35650850241892816.000000
41.200000 35428645229755380.000000
41.220000 35174247680688668.000000
41.240000 34887750186826720.000000
41.260000 34569285530519128.000000
41.280000 34219026147035140.000000
41.300000 33837183567840528.000000
41.320000 33424007843992672.000000
41.340000 32979786949269688.000000
41.360000 32504846162717856.000000
41.380000 31999547430367704.000000
41.400000 31464288705933368.000000
41.420000 30899503270371972.000000
41.440000 30305659030240128.000000
41.460000 29683257794842976.000000
41.480000 29032834532227664.000000
41.500000 28354956604127980.000000
41.520000 27650222980019624.000000
41.540000 26919263430496932.000000
41.560000 26162737700231148.000000
41.580000 25381334660818160.000000
41.600000 24575771443869736.000000
41.620000 23746792554746552.000000
41.640000 22895168967374276.000000
41.660000 22021697200625000.000000
41.680000 21127198376785952.000000
41.700000 20212517262675428.000000
41.720000 19278521294002276.000000
41.740000 18326099583600160.000000
41.760000 17463427294639066.000000
41.780000 16708972031952722.000000
41.800000 16057204228125346.000000
41.820000 15502805829416218.000000
41.840000 15040659903756728.000000
41.860000 14665840833128584.000000
41.880000 14373605060855660.000000
41.900000 14159382365750810.000000
41.920000 14018767636397694.000000
41.940000 13947513120119790.000000
41.960000 13941521122397796.000000
41.980000 13996837133645632.000000
42.000000 14109643361347438.000000
42.020000 14276252646596132.000000
42.040000 14493102745061052.000000
42.060000 14756750953350594.000000
42.080000 15063869062627986.000000
42.100000 15411238622186888.000000
42.120000 15795746496500534.000000
42.140000 16214380700025764.000000
42.160000 16664226494773650.000000
42.180000 17142462736353308.000000
42.200000 17646358454856832.000000
42.220000 18173269657582708.000000
42.240000 18720636341194348.000000
42.260000 19285979701480976.000000
42.280000 19866899529431496.000000
42.300000 20461071782849684.000000
42.320000 21066246323232272.000000
42.340000 21680244808101512.000000
42.360000 22300958729432044.000000
42.380000 22926347589239064.000000
42.400000 23554437203802468.000000
42.420000 24183318128390416.000000
42.440000 24811144194716904.000000
42.460000 25436131153722252.000000
42.480000 26056555416603780.000000
42.500000 26670752887347108.000000
42.520000 27277117880317576.000000
42.540000 27874102116766488.000000
42.560000 28460213794389460.000000
42.580000 29034016724344324.000000
42.600000 29594129530394816.000000
42.620000 30139224905093876.000000
42.640000 30668028918157868.000000
42.660000 31179320372410220.000000
42.680000 31671930202891360.000000
42.700000 32144740914940744.000000
42.720000 32596686057257760.000000
42.740000 33026749726140972.000000
42.760000 33433966097290316.000000
42.780000 33817418981735036.000000
42.800000 34176241402621052.000000
42.820000 34509615189756320.000000
42.840000 34816770588971120.000000
42.860000 35096985883502768.000000
42.880000 35349587024761440.000000
42.900000 35573947269975356.000000
42.920000 35769486824350300.000000
42.940000 35935672485510344.000000
42.960000 36072017288113856.000000
42.980000 36178080146661784.000000
43.000000 36253465494633952.000000
43.020000 36297822918203848.000000
43.040000 36310846782893280.000000
43.060000 36292275851635680.000000
43.080000 36241892892820504.000000
43.100000 36159524276991864.000000
43.120000 36045039560971616.000000
43.140000 35898351058271520.000000
43.160000 35719413394750220.000000
43.180000 35508223048559380.000000
43.200000 35264817873508932.000000
43.220000 34989276605064480.000000
43.240000 34681718348270492.000000
43.260000 34342302046970980.000000
43.280000 33971225933775112.000000
43.300000 33568726960288556.000000
43.320000 33135080207202640.000000
43.340000 32670598273902404.000000
43.360000 32175630647321508.000000
43.380000 31650563049836864.000000
43.400000 31095816766058780.000000
43.420000 30511847948433216.000000
43.440000 29899146901631868.000000
43.460000 29258237345762904.000000
43.480000 28589675658490492.000000
43.500000 27894050096204792.000000
43.520000 27171979994435828.000000
43.540000 26424114947754720.000000
43.560000 25651133969454036.000000
43.580000 24853744631345668.000000
43.600000 24032682184059636.000000
43.620000 23188708658270540.000000
43.640000 22322611947320120.000000
43.660000 21435204871744480.000000
43.680000 20527324226253092.000000
43.700000 19599829809743644.000000
43.720000 18653603438972236.000000
43.740000 17752298587514994.000000
43.760000 16961168043517268.000000
43.780000 16274606607220706.000000
43.800000 15687224326274370.000000
43.820000 15193835894861334.000000
43.840000 14789450647720032.000000
43.860000 14469263119089276.000000
43.880000 14228644138039784.000000
43.900000 14063132433017586.000000
43.920000 13968426719719440.000000
43.940000 13940378247650788.000000
43.960000 13974983781886240.000000
43.980000 14068378997663972.000000
44.000000 14216832266501996.000000
44.020000 14416738813528580.000000
44.040000 14664615226673942.000000
44.060000 14957094299278322.000000
44.080000 15290920188534832.000000
44.100000 15662943873006644.000000
44.120000 16070118893239094.000000
44.140000 16509497360230266.000000
44.160000 16978226217230572.000000
44.180000 17473543741014544.000000
44.200000 17992776269408354.000000
44.220000 18533335142466064.000000
44.240000 19092713845267952.000000
44.260000 19668485340866880.000000
44.280000 20258299582435140.000000
44.300000 20859881194165652.000000
44.320000 21471027310959448.000000
44.340000 22089605567386868.000000
44.360000 22713552226844248.000000
44.380000 23340870442242268.000000
44.400000 23969628639957152.000000
44.420000 24597959019153232.000000
44.440000 25224056158945252.000000
44.460000 25846175726212668.000000
44.480000 26462633277206496.000000
44.500000 27071803146403112.000000
44.520000 27672117416359316.000000
44.540000 28262064962609852.000000
44.560000 28840190567922940.000000
44.580000 29405094100492004.000000
44.600000 29955429750893284.000000
44.620000 30489905322879740.000000
44.640000 31007281573312584.000000
44.660000 31506371596752916.000000
44.680000 31986040250448256.000000
44.700000 32445203615652324.000000
44.720000 32882828491411960.000000
44.740000 33297931917142836.000000
44.760000 33689580720496092.000000
44.780000 34056891087191396.000000
44.800000 34399028149658932.000000
44.820000 34715205591493256.000000
44.840000 35004685264876716.000000
44.860000 35266776818278892.000000
44.880000 35500837331882200.000000
44.900000 35706270958322072.000000
44.920000 35882528566463648.000000
44.940000 36029107386065776.000000
44.960000 36145550651307512.000000
44.980000 36231447241272328.000000
45.000000 36286431315601536.000000
45.020000 36310181943640528.000000
45.040000 36302422725509992.000000
45.060000 36262921403639352.000000
45.080000 36191489463401216.000000
45.100000 36087981721584008.000000
45.120000 35952295901535328.000000
45.140000 35784372193900724.000000
45.160000 35584192801972048.000000
45.180000 35351781470746236.000000
45.200000 35087202998879276.000000
45.220000 34790562732801552.000000
45.240000 34462006042339732.000000
45.260000 34101717777266848.000000
45.280000 33709921704276408.000000
45.300000 33286879923948420.000000
45.320000 32832892267344868.000000
45.340000 32348295671939944.000000
45.360000 31833463536655748.000000
45.380000 31288805055837936.000000
45.400000 30714764532067168.000000
45.420000 30111820667762076.000000
45.440000 29480485835587076.000000
45.460000 28821305327734448.000000
45.480000 28134856584204152.000000
45.500000 27421748400257212.000000
45.520000 26682620113269200.000000
45.540000 25918140769259140.000000
45.560000 25129008269416480.000000
45.580000 24315948496994236.000000
45.600000 23479714424980332.000000
45.620000 22621085205001520.000000
45.640000 21740865237954772.000000
45.660000 20839883226900284.000000
45.680000 19918991212787596.000000
45.700000 18979063593622392.000000
45.720000 18039224700166724.000000
45.740000 17211504864797242.000000
45.760000 16490223893210000.000000
45.780000 15869920547944232.000000
45.800000 15345341739834468.000000
45.820000 14911432324803622.000000
45.840000 14563325475525786.000000
45.860000 14296333598946348.000000
45.880000 14105939772033190.000000
45.900000 13987789669449966.000000
45.920000 13937683958094160.000000
45.940000 13951571134632284.000000
45.960000 14025540783295200.000000
45.980000 14155817232271272.000000
46.000000 14338753588056702.000000
46.020000 14570826128093622.000000
46.040000 14848629032950018.000000
46.060000 15168869440173656.000000
46.080000 15528362802787304.000000
46.100000 15924028536186838.000000
46.120000 16352885937959424.000000
46.140000 16812050365857828.000000
46.160000 17298729659850964.000000
46.180000 17810220794821808.000000
46.200000 18343906751103512.000000
46.220000 18897253590634508.000000
46.240000 19467807727075248.000000
46.260000 20053193378764272.000000
46.280000 20651110193901120.000000
46.300000 21259331037829332.000000
46.320000 21875699932755708.000000
46.340000 22498130140683528.000000
46.360000 23124602380758156.000000
46.380000 23753163172625136.000000
46.400000 24381923297783952.000000
46.420000 25009056371286216.000000
46.440000 25632797516476368.000000
46.460000 26251442135806256.000000
46.480000 26863344771073744.000000
46.500000 27466918046739892.000000
46.520000 28060631690270548.000000
46.540000 28643011623726616.000000
46.560000 29212639121093860.000000
46.580000 29768150026098164.000000
46.600000 30308234025496620.000000
46.620000 30831633973068812.000000
46.640000 31337145259757212.000000
46.660000 31823615225620664.000000
46.680000 32289942609471560.000000
46.700000 32735077032265404.000000
46.720000 33158018510501776.000000
46.740000 33557816996078700.000000
46.760000 33933571939218052.000000
46.780000 34284431871248764.000000
46.800000 34609594004197276.000000
46.820000 34908303844291188.000000
46.840000 35179854816632924.000000
46.860000 35423587898445536.000000
46.880000 35638891258432836.000000
46.900000 35825199899931184.000000
46.920000 35981995305660604.000000
46.940000 36108805082008816.000000
46.960000 36205202600903248.000000
46.980000 36270806637443600.000000
47.000000 36305281001580992.000000
47.020000 36308334162239552.000000
47.040000 36279718862382488.000000
47.060000 36219231723627328.000000
47.080000 36126712839114616.000000
47.100000 36002045353430560.000000
47.120000 35845155028477452.000000
47.140000 35656009794276024.000000
47.160000 35434619283771476.000000
47.180000 35181034350799752.000000
47.200000 34895346570452996.000000
47.220000 34577687721162760.000000
47.240000 34228229247896992.000000
47.260000 33847181705941672.000000
47.280000 33434794184810844.000000
47.300000 32991353711899112.000000
47.320000 32517184635559192.000000
47.340000 32012647987353240.000000
47.360000 31478140823290984.000000
47.380000 30914095543929936.000000
47.400000 30320979193273232.000000
47.420000 29699292736459112.000000
47.440000 29049570316292604.000000
47.460000 28372378488724664.000000
47.480000 27668315437437120.000000
47.500000 26938010167742804.000000
47.520000 26182121680059876.000000
47.540000 25401338123267060.000000
47.560000 24596375928292644.000000
47.580000 23767978922334520.000000
47.600000 22916917424151412.000000
47.620000 22043987320906640.000000
47.640000 21150009127085324.000000
47.660000 20235827026044064.000000
47.680000 19302307894788544.000000
47.700000 18350340312609432.000000
47.720000 17484813039717570.000000
47.740000 16727647696026490.000000
47.760000 16073309109767858.000000
47.780000 15516473899271510.000000
47.800000 15052020065504340.000000
47.820000 14675017169768692.000000
47.840000 14380717067055450.000000
47.860000 14164545166957718.000000
47.880000 14022092195391468.000000
47.900000 13949106431643342.000000
47.920000 13941486396476412.000000
47.940000 13995273968175204.000000
47.960000 14106647904504912.000000
47.980000 14271917749599248.000000
48.000000 14487518105779660.000000
48.020000 14750003251248186.000000
48.040000 15056042085489664.000000
48.060000 15402413385068640.000000
48.080000 15786001353314388.000000
48.100000 16203791448156068.000000
48.120000 16652866473101376.000000
48.140000 17130402917047778.000000
48.160000 17633667529277618.000000
48.180000 18160014116618644.000000
48.200000 18706880550351488.000000
48.220000 19271785971016996.000000
48.240000 19852328179820352.000000
48.260000 20446181205847312.000000
48.280000 21051093038801676.000000
48.300000 21664883517443828.000000
48.320000 22285442364358796.000000
48.340000 22910727358110152.000000
48.360000 23538762634244108.000000
48.380000 24167637106997492.000000
48.400000 24795503003934868.000000
48.420000 25420574506094752.000000
48.440000 26041126486563656.000000
48.460000 26655493340720360.000000
48.480000 27262067901701988.000000
48.500000 27859300434939276.000000
48.520000 28445697705891120.000000
48.540000 29019822115379092.000000
48.560000 29580290897181604.000000
48.580000 30125775372795356.000000
48.600000 30655000258509316.000000
48.620000 31166743020164116.000000
48.640000 31659833271188136.000000
48.660000 32133152209710880.000000
48.680000 32585632090755336.000000
48.700000 33016255729703880.000000
48.720000 33424056033417828.000000
48.740000 33808115555568708.000000
48.760000 34167566072910852.000000
48.780000 34501588179389576.000000
48.800000 34809410895137928.000000
48.820000 35090311287567708.000000
48.840000 35343614101907656.000000
48.860000 35568691398683548.000000
48.880000 35764962195771712.000000
48.900000 35931892112789516.000000
48.920000 36068993015713672.000000
48.940000 36175822659740296.000000
48.960000 36251984328519448.000000
48.980000 36297126468011744.000000
49.000000 36310942313325608.000000
49.020000 36293169507001240.000000
49.040000 36243589707311216.000000
49.060000 36162028185248152.000000
49.080000 36048353408967408.000000
49.100000 35902476614546880.000000
49.120000 35724351362017528.000000
49.140000 35513973075706600.000000
49.160000 35271378568021380.000000
49.180000 34996645545884484.000000
49.200000 34689892099112232.000000
49.220000 34351276170105872.000000
49.240000 33980995004301156.000000
49.260000 33579284580895304.000000
49.280000 33146419023441560.000000
49.300000 32682709989970732.000000
49.320000 32188506042365968.000000
49.340000 31664191994782076.000000
49.360000 31110188240963480.000000
49.380000 30526950060375988.000000
49.400000 29914966903126588.000000
49.420000 29274761653702604.000000
49.440000 28606889873617036.000000
49.460000 27911939023100364.000000
49.480000 27190527662030972.000000
49.500000 26443304630346420.000000
49.520000 25670948208226040.000000
49.540000 24874165256382232.000000
49.560000 24053690336842600.000000
49.580000 23210284814648652.000000
49.600000 22344735940938460.000000
49.620000 21457855917920812.000000
49.640000 20550480946287052.000000
49.660000 19623470255643720.000000
49.680000 18677705118584624.000000
49.700000 17773551876255950.000000
49.720000 16979716953353762.000000
49.740000 16290589591235824.000000
49.760000 15700774553377372.000000
49.780000 15205081509123730.000000
49.800000 14798515013111242.000000
49.820000 14476265050348408.000000
49.840000 14233698118384850.000000
49.860000 14066348819360052.000000
49.880000 13969911936020180.000000
49.900000 13940234967023362.000000
49.920000 13973311098024642.000000
49.940000 14065272586144760.000000
49.960000 14212384536484752.000000
49.980000 14411039050353978.000000
50.000000 14657749725835284.000000
50.020000 14949146492220066.000000
50.040000 15281970760710474.000000
50.060000 15653070874608126.000000
50.080000 16059397842990726.000000
50.100000 16498001342621912.000000
50.120000 16966025973547476.000000
50.140000 17460707754504642.000000
50.160000 17979370844912196.000000
50.180000 18519424480819484.000000
50.200000 19078360112773364.000000
50.220000 19653748734115520.000000
50.240000 20243238388749552.000000
50.260000 20844551847919524.000000
50.280000 21455484446020036.000000
50.300000 22073902065914060.000000
50.320000 22697739264669728.000000
50.340000 23324997531041908.000000
50.360000 23953743666420168.000000
50.380000 24582108281342272.000000
50.400000 25208284400032784.000000
50.420000 25830526165770528.000000
50.440000 26447147640217404.000000
50.460000 27056521690155216.000000
50.480000 27657078955377472.000000
50.500000 28247306891770220.000000
50.520000 28825748883890772.000000
50.540000 29391003421616028.000000
50.560000 29941723335683836.000000
50.580000 30476615087191920.000000
50.600000 30994438106349972.000000
50.620000 31494004176001976.000000
50.640000 31974176855648264.000000
50.660000 32433870941900672.000000
50.680000 32872051961499864.000000
50.700000 33287735693211808.000000
50.720000 33679987715101080.000000
50.740000 34047922973852260.000000
50.760000 34390705372977744.000000
50.780000 34707547376911008.000000
50.800000 34997709628139072.000000
50.820000 35260500574677128.000000
50.840000 35495276105331728.000000
50.860000 35701439190337656.000000
50.880000 35878439525087076.000000
50.900000 36025773174798544.000000
50.920000 36142982218097992.000000
50.940000 36229654387603984.000000
50.960000 36285422705725784.000000
50.980000 36309965113995096.000000
51.000000 36303004094360992.000000
51.020000 36264306280982568.000000
51.040000 36193682061155704.000000
51.060000 36090985164108608.000000
51.080000 35956112236496276.000000
51.100000 35789002403516376.000000
51.120000 35589636814658440.000000
51.140000 35358038173185052.000000
51.160000 35094270248527728.000000
51.180000 34798437370861660.000000
51.200000 34470683907202528.000000
51.220000 34111193718445100.000000
51.240000 33720189596837688.000000
51.260000 33297932683458476.000000
51.280000 32844721865329592.000000
51.300000 32360893151872476.000000
51.320000 31846819030473728.000000
51.340000 31302907800994232.000000
51.360000 30729602889115988.000000
51.380000 30127382138480760.000000
51.400000 29496757081632572.000000
51.420000 28838272189832004.000000
51.440000 28152504101864388.000000
51.460000 27440060832016556.000000
51.480000 26701580957447272.000000
51.500000 25937732785225576.000000
51.520000 25149213499358436.000000
51.540000 24336748288174732.000000
51.560000 23501089452476512.000000
51.580000 22643015494910784.000000
51.600000 21763330191055872.000000
51.620000 20862861642755340.000000
51.640000 19942461314270220.000000
51.660000 19003003051856084.000000
51.680000 18060323711120472.000000
51.700000 17229906481766350.000000
51.720000 16506065659268442.000000
51.740000 15883334768782350.000000
51.760000 15356455741315002.000000
51.780000 14920368696004492.000000
51.800000 14570202298001220.000000
51.820000 14301264662903030.000000
51.840000 14109034780084866.000000
51.860000 13989154428582398.000000
51.880000 13937420560442340.000000
51.900000 13949778127643282.000000
51.920000 14022313329822952.000000
51.940000 14151247261123852.000000
51.960000 14332929935492126.000000
51.980000 14563834670736984.000000
52.000000 14840552812582576.000000
52.020000 15159788780823482.000000
52.040000 15518355420531068.000000
52.060000 15913169642053250.000000
52.080000 16341248334306748.000000
52.100000 16799704536580644.000000
52.120000 17285743854754926.000000
52.140000 17796661108489572.000000
52.160000 18329837196560092.000000
52.180000 18882736168106196.000000
52.200000 19452902488122732.000000
52.220000 20037958486057756.000000
52.240000 20635601976893004.000000
52.260000 21243604044568320.000000
52.280000 21859806978075188.000000
52.300000 22482122350986292.000000
52.320000 23108529235609608.000000
52.340000 23737072543357352.000000
52.360000 24365861483303772.000000
52.380000 24993068131271824.000000
52.400000 25616926102138288.000000
52.420000 26235729318380816.000000
52.440000 26847830868209256.000000
52.460000 27451641946928560.000000
52.480000 28045630875472064.000000
52.500000 28628322190322660.000000
52.520000 29198295799306372.000000
52.540000 29754186197998044.000000
52.560000 30294681741723620.000000
52.580000 30818523968377780.000000
52.600000 31324506967500356.000000
52.620000 31811476791270388.000000
52.640000 32278330903283356.000000
52.660000 32724017661175536.000000
52.680000 33147535829349908.000000
52.700000 33547934118241136.000000
52.720000 33924310746733012.000000
52.740000 34275813024511104.000000
52.760000 34601636951295984.000000
52.780000 34901026830059304.000000
52.800000 35173274891475812.000000
52.820000 35417720927009932.000000
52.840000 35633751928175672.000000
52.860000 35820801729643936.000000
52.880000 35978350654001720.000000
52.900000 36105925156093712.000000
52.920000 36203097464998408.000000
52.940000 36269485221808456.000000
52.960000 36304751111498536.000000
52.980000 36308602487273864.000000
53.000000 36280790985898832.000000
53.020000 36221112132607960.000000
53.040000 36129404934301040.000000
53.060000 36005551459820556.000000
53.080000 35849476406202948.000000
53.100000 35661146649885700.000000
53.120000 35440570781939796.000000
53.140000 35187798626482124.000000
53.160000 34902920741504632.000000
53.180000 34586067901436968.000000
53.200000 34237410560836632.000000
53.220000 33857158298675784.000000
53.240000 33445559242766564.000000
53.260000 33002899473937376.000000
53.280000 32529502409640900.000000
53.300000 32025728166741104.000000
